  1   7.5943405659434058     
  2   9.3081691830816915     
  3   9.2979702029797018     
  4   11.451354864513549     
  5   9.3368663133686631     
  6   11.439656034396561     
  7   11.409559044095591     
  8   13.973902609739026     
  9   9.3337666233376666     
 10   11.449755024497550     
 11   11.454154584541547     
 12   13.947805219478052     
 13   11.364463553644637     
 14   14.051294870512949     
 15   14.011198880111989     
 16   17.041995800419958     
 17   9.3252674732526746     
 18   11.418858114188582     
 19   11.460153984601540     
 20   13.972502749725027     
 21   11.422057794220578     
 22   14.028197180281973     
 23   13.975502449755025     
 24   17.115888411158885     
 25   11.437156284371563     
 26   13.985301469853015     
 27   14.004899510048995     
 28   17.104989501049896     
 29   13.973402659734028     
 30   17.117388261173883     
 31   17.143485651434858     
 32   20.845215478452157     
 33   9.3263673632636745     
 34   11.435256474352565     
 35   11.441155884411559     
 36   14.030596940305971     
 37   11.435756424357566     
 38   13.994100589941006     
 39   13.939606039396061     
 40   17.122887711228877     
 41   11.441455854414560     
 42   14.000599940005999     
 43   14.002499750024999     
 44   17.101889811018900     
 45   14.071892810718929     
 46   17.134186581341865     
 47   17.154584541545848     
 48   20.872512748725129     
 49   11.410358964103590     
 50   13.992700729927009     
 51   13.960703929607041     
 52   17.124787521247875     
 53   13.980201979802020     
 54   17.104089591040896     
 55   17.068993100689934     
 56   20.818318168183183     
 57   13.963503649635037     
 58   17.163483651634838     
 59   17.027497250274973     
 60   20.876312368763124     
 61   17.076692330766924     
 62   20.860413958604141     
 63   20.923307669233079     
 64   25.346765323467654     
 65   9.3274672532746727     
 66   11.443155684431558     
 67   11.459454054594541     
 68   13.960603939606040     
 69   11.457054294570543     
 70   13.992400759924008     
 71   13.994900509949005     
 72   17.085791420857916     
 73   11.458754124587541     
 74   13.969203079692031     
 75   14.000599940005999     
 76   17.069893010698930     
 77   13.910908909109089     
 78   17.091490850914909     
 79   17.032896710328966     
 80   20.888111188881112     
 81   11.415358464153586     
 82   14.049595040495952     
 83   14.041095890410960     
 84   17.139586041395862     
 85   14.013298670132988     
 86   17.043895610438955     
 87   17.086791320867913     
 88   20.930906909309069     
 89   13.970802919708030     
 90   17.105589441055894     
 91   17.065493450654934     
 92   20.924107589241078     
 93   17.140285971402861     
 94   20.793620637936208     
 95   20.926207379262074     
 96   25.414158584141589     
 97   11.439756024397560     
 98   13.980901909809020     
 99   13.900809919008100     
100   17.096190380961904     
101   13.990100989901011     
102   17.145385461453856     
103   17.130086991300871     
104   20.854914508549147     
105   13.905609439056095     
106   17.091990800919909     
107   17.160083991600843     
108   20.887211278872115     
109   17.151884811518848     
110   20.873212678732127     
111   20.909609039096093     
112   25.367963203679633     
113   14.002599740025998     
114   17.098590140985902     
115   17.183081691830818     
116   20.888211178882113     
117   17.067393260673935     
118   20.826417358264173     
119   20.874712528747125     
120   25.363363663633638     
121   17.160483951604842     
122   20.806419358064193     
123   20.823817618238177     
124   25.327867213278672     
125   20.891210878912108     
126   25.408159184081594     
127   25.338566143385663     
128   30.849915008499153     
