# profile
nz 18
1 0.0
2 0.548517520216
3 0.386767004713
4 0.364876452883
5 0.361913888851
6 0.361512949409
7 0.361458688156
8 0.361451344694
9 0.361450350864
10 0.361450216364
11 0.361450198162
12 0.361450195698
13 0.361450195365
14 0.36145019532
15 0.361450195313
16 0.361450195313
17 0.361450195313
18 0.0
# surface conf
ns 6
5 0.0133111480865  0.04
4 0.126455906822   0.256470588235
2 0.281198003328   0.211764705882
1 0.38768718802    0.237647058824
0 0.089850249584   0.0447058823529
3 0.10149750416    0.209411764706





























